1 3746 ayh 1257
2 28860 xnk 869
3 2773 hbn 43
4 4855 rbl 880
5 22758 lyb 1172
6 3375 ucg 82
7 844 ouh 922
8 8432 vzg 1285
9 18764 bda 342
10 25300 ndb 718
11 32608 tiy 517
12 28247 aqd 503
13 21096 fui 327
14 8523 ufp 412
15 5331 dnm 661
16 21487 mbe 553
17 7985 ntw 676
18 16369 ntw 688
19 10691 eow 384
20 14316 wwb 145
21 27398 qqr 1358
22 16919 toz 209
23 18254 uol 407
24 27717 trr 508
25 2030 meb 700
26 5231 vjl 106
27 29816 iyp 120
28 14410 xqd 939
29 22303 mgv 784
30 30664 jsw 10
31 32074 rdq 41
32 8563 qvo 361
33 14275 wcu 965
34 11515 tzx 837
35 19004 zbl 629
36 18297 dvb 1391
37 12280 txc 195
38 22054 srt 671
39 11222 crz 1250
40 26536 wtr 765
41 21527 cme 1160
42 16665 sui 362
43 16018 osa 1012
44 23411 ifd 1174
45 12343 bex 1288
46 3855 cjo 1045
47 19206 paq 868
48 9802 cxc 542
49 14322 jdw 70
50 28063 jdj 498
51 17985 hvu 304
52 26282 veb 1065
53 103 mcq 611
54 21747 eob 317
55 22131 owu 209
56 15988 wpr 864
57 18561 tir 231
58 32568 zzh 706
59 32721 vah 1241
60 1664 yec 400
61 4983 elf 995
62 3414 jsp 174
63 23993 pdt 263
64 24947 cfj 711
65 22933 six 1083
66 3298 qpx 1161
67 3090 eyq 352
68 462 cfb 1498
69 4923 erf 57
70 21329 hcl 1498
71 9464 zot 292
72 14152 gbj 1042
73 8740 cdx 40
74 25200 fha 97
75 30358 cjq 1288
76 5982 vyc 779
77 23786 nte 16
78 18961 ijv 993
79 21843 osm 182
80 21801 xsq 378
81 16583 lsh 74
82 15112 uqw 1030
83 11826 rmz 1235
84 7280 dei 1379
85 3486 swf 132
86 16215 kdu 677
87 15732 qvy 660
88 1024 etl 589
89 20539 whf 1315
90 19366 ghn 988
91 3456 nrz 1468
92 27449 elb 687
93 7895 gjv 275
94 7670 yeq 1057
95 8710 wgw 443
96 22250 gkq 1316
97 3040 fna 219
98 7575 slc 273
99 29536 peh 1258
100 8543 tuk 199
101 4856 edx 185
102 12377 cep 1046
103 7737 qka 382
104 4537 mzx 1146
105 1084 nuu 1360
106 14591 ijd 269
107 27506 ope 19
108 11902 dls 199
109 12744 bec 842
110 13050 sfb 709
111 5186 bwq 159
112 24434 hbe 1382
113 25465 qmd 95
114 8020 wfz 737
115 26270 tvl 434
116 12966 ozi 505
117 21746 fuz 606
118 14059 whn 1063
119 11737 hwx 800
120 22736 epy 293
121 16867 wti 1278
122 5601 yhf 745
123 908 fen 1368
124 11483 ols 454
125 17542 hjq 524
126 21585 bqy 943
127 27833 psu 1495
128 23231 pxr 461
129 2667 ocj 80
130 16452 lbn 922
131 26412 kph 1117
132 31124 luh 568
133 9078 zjq 224
134 11492 dkh 1304
135 19235 yxh 1194
136 11490 qtu 727
137 28455 weo 1400
138 2800 ogk 348
139 9520 sni 132
140 8508 zny 822
141 27674 nmh 1271
142 15985 ttz 1040
143 27740 wsh 1299
144 30734 rpc 1106
145 28111 tcz 1374
146 26028 vhg 197
147 14477 bnr 218
148 30388 zyb 1139
149 31917 xsu 867
150 1368 ice 1178
151 23850 liw 1041
152 3277 vaw 510
153 25666 qry 549
154 19986 wkb 620
155 3069 dtk 1035
156 1487 qeg 1395
157 13261 leb 161
158 28430 cuv 353
159 25690 hek 1202
160 31196 iei 626
161 13567 vvz 1439
162 10769 lud 1279
163 4736 zsg 451
164 20948 zsy 191
165 7422 abm 497
166 7324 kby 1299
167 25405 bou 879
168 29357 jzw 1438
169 31660 vwg 700
170 29291 fik 422
171 28630 uru 615
172 25600 ypw 383
173 11560 hvt 66
174 29982 oyw 447
175 17959 jig 1439
176 1509 bdw 958
177 20882 hyw 983
178 11575 xqj 141
179 12551 jxm 122
180 10754 lid 827
181 3860 myo 767
182 2117 zga 303
183 1263 igh 1436
184 9183 yaj 669
185 8735 sfj 583
186 14432 nhg 378
187 5340 lvf 548
188 9341 rvj 751
189 32755 wiu 251
190 16598 evi 78
191 13170 mva 1487
192 29991 yyj 1219
193 3939 dhv 899
194 25636 rgq 1064
195 25699 azz 1150
196 25993 qzq 266
197 15320 ijg 1082
198 26409 jrr 1491
199 8719 ljx 693
200 256 rzn 1055
